  -9.900000000000e+00   1.154375158194e-25
  -9.800000000000e+00   1.185190405721e-24
  -9.700000000000e+00   7.378403138860e-24
  -9.600000000000e+00   4.182404238316e-23
  -9.500000000000e+00   2.192797101724e-22
  -9.400000000000e+00   1.044162559650e-21
  -9.300000000000e+00   4.485090712842e-21
  -9.200000000000e+00   1.720894449486e-20
  -9.100000000000e+00   5.814315420700e-20
  -9.000000000000e+00   1.701000493902e-19
  -8.900000000000e+00   4.204422881168e-19
  -8.800000000000e+00   8.468435696362e-19
  -8.700000000000e+00   1.316942253671e-18
  -8.600000000000e+00   1.532509414573e-18
  -8.500000000000e+00   2.512427054240e-18
  -8.400000000000e+00   1.640058617980e-17
  -8.300000000000e+00   1.310082375906e-16
  -8.200000000000e+00   9.561550271254e-16
  -8.100000000000e+00   6.603822505781e-15
  -8.000000000000e+00   4.351198338454e-14
  -7.900000000000e+00   2.731692668971e-13
  -7.800000000000e+00   1.632273182330e-12
  -7.700000000000e+00   9.274972689889e-12
  -7.600000000000e+00   5.007203088713e-11
  -7.500000000000e+00   2.565876349910e-10
  -7.400000000000e+00   1.246876661464e-09
  -7.300000000000e+00   5.740394370202e-09
  -7.200000000000e+00   2.501314992091e-08
  -7.100000000000e+00   1.030568831095e-07
  -7.000000000000e+00   4.010861709921e-07
  -6.900000000000e+00   1.473052626570e-06
  -6.800000000000e+00   5.100180913819e-06
  -6.700000000000e+00   1.663056597600e-05
  -6.600000000000e+00   5.102138060626e-05
  -6.500000000000e+00   1.471278215897e-04
  -6.400000000000e+00   3.983957372124e-04
  -6.300000000000e+00   1.012045698886e-03
  -6.200000000000e+00   2.409629519349e-03
  -6.100000000000e+00   5.372516438507e-03
  -6.000000000000e+00   1.120756795393e-02
  -5.900000000000e+00   2.185742676896e-02
  -5.800000000000e+00   3.982085099735e-02
  -5.700000000000e+00   6.772368792258e-02
  -5.600000000000e+00   1.074512989395e-01
  -5.500000000000e+00   1.589559184881e-01
  -5.400000000000e+00   2.191400432828e-01
  -5.300000000000e+00   2.814286184803e-01
  -5.200000000000e+00   3.365698134263e-01
  -5.100000000000e+00   3.747489740777e-01
  -5.000000000000e+00   3.884207591257e-01
  -4.900000000000e+00   3.747489740777e-01
  -4.800000000000e+00   3.365698134263e-01
  -4.700000000000e+00   2.814286184803e-01
  -4.600000000000e+00   2.191400432828e-01
  -4.500000000000e+00   1.589559184881e-01
  -4.400000000000e+00   1.074512989395e-01
  -4.300000000000e+00   6.772368792258e-02
  -4.200000000000e+00   3.982085099735e-02
  -4.100000000000e+00   2.185742676896e-02
  -4.000000000000e+00   1.120756795393e-02
  -3.900000000000e+00   5.372516438507e-03
  -3.800000000000e+00   2.409629519349e-03
  -3.700000000000e+00   1.012045698886e-03
  -3.600000000000e+00   3.983957372123e-04
  -3.500000000000e+00   1.471278215896e-04
  -3.400000000000e+00   5.102138060625e-05
  -3.300000000000e+00   1.663056597600e-05
  -3.200000000000e+00   5.100180913818e-06
  -3.100000000000e+00   1.473052626570e-06
  -3.000000000000e+00   4.010861709921e-07
  -2.900000000000e+00   1.030568831088e-07
  -2.800000000000e+00   2.501314992253e-08
  -2.700000000000e+00   5.740394368723e-09
  -2.600000000000e+00   1.246876664676e-09
  -2.500000000000e+00   2.565876302705e-10
  -2.400000000000e+00   5.007203579240e-11
  -2.300000000000e+00   9.274970287763e-12
  -2.200000000000e+00   1.632270982382e-12
  -2.100000000000e+00   2.731741926680e-13
  -2.000000000000e+00   4.351067683078e-14
  -1.900000000000e+00   6.599164758781e-15
  -1.800000000000e+00   9.581738950884e-16
  -1.700000000000e+00   1.362716649389e-16
  -1.600000000000e+00   1.697086082790e-17
  -1.500000000000e+00  -2.483440727690e-18
  -1.400000000000e+00  -5.014122766465e-18
  -1.300000000000e+00  -3.654883057472e-18
  -1.200000000000e+00  -1.923524343387e-18
  -1.100000000000e+00  -8.131124872977e-19
  -1.000000000000e+00  -2.888701874571e-19
  -9.000000000000e-01  -8.859553128069e-20
  -8.000000000000e-01  -2.388748597473e-20
  -7.000000000000e-01  -5.742208397703e-21
  -6.000000000000e-01  -1.243432258541e-21
  -5.000000000000e-01  -2.447446010265e-22
  -4.000000000000e-01  -4.392470844822e-23
  -3.000000000000e-01  -7.357370511632e-24
  -2.000000000000e-01  -1.195610276374e-24
  -1.000000000000e-01  -9.931712287593e-26
   0.000000000000e+00   0.000000000000e+00
   1.000000000000e-01   0.000000000000e+00
   2.000000000000e-01   0.000000000000e+00
   3.000000000000e-01   0.000000000000e+00
   4.000000000000e-01   0.000000000000e+00
   5.000000000000e-01   0.000000000000e+00
   6.000000000000e-01   0.000000000000e+00
   7.000000000000e-01   0.000000000000e+00
   8.000000000000e-01   0.000000000000e+00
   9.000000000000e-01   0.000000000000e+00
   1.000000000000e+00   0.000000000000e+00
   1.100000000000e+00   0.000000000000e+00
   1.200000000000e+00   0.000000000000e+00
   1.300000000000e+00   0.000000000000e+00
   1.400000000000e+00   0.000000000000e+00
   1.500000000000e+00   0.000000000000e+00
   1.600000000000e+00   0.000000000000e+00
   1.700000000000e+00   0.000000000000e+00
   1.800000000000e+00   0.000000000000e+00
   1.900000000000e+00   0.000000000000e+00
   2.000000000000e+00   0.000000000000e+00
   2.100000000000e+00   0.000000000000e+00
   2.200000000000e+00   0.000000000000e+00
   2.300000000000e+00   0.000000000000e+00
   2.400000000000e+00   0.000000000000e+00
   2.500000000000e+00   0.000000000000e+00
   2.600000000000e+00   0.000000000000e+00
   2.700000000000e+00   0.000000000000e+00
   2.800000000000e+00   0.000000000000e+00
   2.900000000000e+00   0.000000000000e+00
   3.000000000000e+00   0.000000000000e+00
   3.100000000000e+00   0.000000000000e+00
   3.200000000000e+00   0.000000000000e+00
   3.300000000000e+00   0.000000000000e+00
   3.400000000000e+00   0.000000000000e+00
   3.500000000000e+00   0.000000000000e+00
   3.600000000000e+00   0.000000000000e+00
   3.700000000000e+00   0.000000000000e+00
   3.800000000000e+00   0.000000000000e+00
   3.900000000000e+00   0.000000000000e+00
   4.000000000000e+00   0.000000000000e+00
   4.100000000000e+00   0.000000000000e+00
   4.200000000000e+00   0.000000000000e+00
   4.300000000000e+00   0.000000000000e+00
   4.400000000000e+00   0.000000000000e+00
   4.500000000000e+00   0.000000000000e+00
   4.600000000000e+00   0.000000000000e+00
   4.700000000000e+00   0.000000000000e+00
   4.800000000000e+00   0.000000000000e+00
   4.900000000000e+00   0.000000000000e+00
   5.000000000000e+00   0.000000000000e+00
   5.100000000000e+00   0.000000000000e+00
   5.200000000000e+00   0.000000000000e+00
   5.300000000000e+00   0.000000000000e+00
   5.400000000000e+00   0.000000000000e+00
   5.500000000000e+00   0.000000000000e+00
   5.600000000000e+00   0.000000000000e+00
   5.700000000000e+00   0.000000000000e+00
   5.800000000000e+00   0.000000000000e+00
   5.900000000000e+00   0.000000000000e+00
   6.000000000000e+00   0.000000000000e+00
   6.100000000000e+00   0.000000000000e+00
   6.200000000000e+00   0.000000000000e+00
   6.300000000000e+00   0.000000000000e+00
   6.400000000000e+00   0.000000000000e+00
   6.500000000000e+00   0.000000000000e+00
   6.600000000000e+00   0.000000000000e+00
   6.700000000000e+00   0.000000000000e+00
   6.800000000000e+00   0.000000000000e+00
   6.900000000000e+00   0.000000000000e+00
   7.000000000000e+00   0.000000000000e+00
   7.100000000000e+00   0.000000000000e+00
   7.200000000000e+00   0.000000000000e+00
   7.300000000000e+00   0.000000000000e+00
   7.400000000000e+00   0.000000000000e+00
   7.500000000000e+00   0.000000000000e+00
   7.600000000000e+00   0.000000000000e+00
   7.700000000000e+00   0.000000000000e+00
   7.800000000000e+00   0.000000000000e+00
   7.900000000000e+00   0.000000000000e+00
   8.000000000000e+00   0.000000000000e+00
   8.100000000000e+00   0.000000000000e+00
   8.200000000000e+00   0.000000000000e+00
   8.300000000000e+00   0.000000000000e+00
   8.400000000000e+00   0.000000000000e+00
   8.500000000000e+00   0.000000000000e+00
   8.600000000000e+00   0.000000000000e+00
   8.700000000000e+00   0.000000000000e+00
   8.800000000000e+00   0.000000000000e+00
   8.900000000000e+00   0.000000000000e+00
   9.000000000000e+00   0.000000000000e+00
   9.100000000000e+00   0.000000000000e+00
   9.200000000000e+00   0.000000000000e+00
   9.300000000000e+00   0.000000000000e+00
   9.400000000000e+00   0.000000000000e+00
   9.500000000000e+00   0.000000000000e+00
   9.600000000000e+00   0.000000000000e+00
   9.700000000000e+00   0.000000000000e+00
   9.800000000000e+00   0.000000000000e+00
   9.900000000000e+00   0.000000000000e+00
